#Logging to file 31.txt
772
772
772
772
772
772
772
772
799
813
784
828
830
833
833
855
840
801
779
779
782
779
779
821
813
887
882
882
894
894
911
931
1023
921
1023
1060
1050
1258
1239
1219
1234
1234
1234
1226
1292
1341
1268
1627
1380
1390
1378
1436
1456
1449
1446
1454
1485
1581
1617
1722
1774
1727
1830
1805
1771
1791
1771
1801
1771
1766
1764
1761
1761
1757
1754
1818
1796
1879
1849
1859
1864
1852
1857
1854
1854
1852
1876
1867
1862
1874
1871
1881
1876
1918
1898
1940
1918
1911
1908
1901
1901
1901
1901
1898
1896
1896
1893
1891
1891
1889
1889
1886
1889
1886
1884
1884
1884
1884
1881
1881
1881
1881
1881
1879
1879
1879
1876
1879
1876
1876
1876
1876
1874
1876
1874
1874
1874
1871
1871
1871
1871
1871
1871
1871
1869
1869
1869
1869
1869
1867
1867
1867
1867
1867
1867
1864
1864
1864
1864
1862
1864
1864
1864
1862
1862
1859
1862
1859
1862
1862
1859
1859
1859
1859
1857
1857
1857
1857
1854
1857
1854
1854
1854
1857
1854
1854
1852
1852
1852
1852
1852
1852
1852
1852
1849
1849
1849
1849
1849
1847
1847
1847
1847
1847
1847
1847
1845
1845
1845
1845
1845
1845
1845
1845
1842
1842
1842
1842
1842
1842
1842
1840
1840
1840
1840
1837
1840
1840
1840
1837
1837
1837
1837
1837
1835
1835
1835
1835
1835
1835
1832
1832
1832
1832
1835
1832
1832
1832
1832
1832
1830
1830
1830
1830
1830
1830
1830
1830
1830
1830
1830
1830
1830
1830
1827
1830
1827
1827
1827
1827
1827
1827
1827
1827
1827
1827
1827
1827
1825
1825
1825
1825
1825
1825
1825
1825
1825
1823
1823
1823
1825
1823
1823
1823
1823
1823
1820
1820
1820
1820
1820
1820
1820
1820
1818
1820
1818
1818
1818
1818
1820
1818
1818
1818
1815
1818
1818
1815
1815
1815
1815
1815
1815
1815
1815
1815
1815
1815
1813
1815
1813
1813
1813
1813
1813
1813
1813
1813
1810
1810
1813
1813
1810
1810
1813
1813
1810
1810
1810
1808
1808
1808
1808
1808
1808
1805
1808
1805
1805
1805
1805
1805
1805
1808
1805
1805
1803
1803
1803
1803
1803
1803
1803
1803
1803
1803
1803
1803
1803
1803
1803
1801
1801
1801
1801
1801
1801
1801
1801
1801
1801
1801
1798
1801
1798
1798
1798
1798
1798
1798
1798
1798
1796
1796
1796
1796
1796
1796
1796
1796
1796
1796
1796
1796
1796
1796
1796
1793
1793
1793
1793
1793
1793
1793
1793
1793
1793
1793
1791
1791
1793
1791
1791
1791
1791
1791
1791
1791
1788
1791
1791
1791
1791
1791
1791
1788
1788
1788
1788
1788
1788
1788
1786
1788
1786
1786
1786
1786
1786
1786
1786
1786
1786
1786
1786
1786
1786
1783
1783
1783
1783
1783
1781
1783
1783
1783
1781
1781
1781
1781
1781
1781
1781
1781
1781
1779
1779
1779
1781
1779
1779
1779
1779
1779
1779
1779
1779
1779
1779
1779
1779
1779
1779
1779
1776
1776
1776
1776
1776
1776
1776
1776
1774
1774
1776
1774
1774
1774
1774
1774
1774
1774
1774
1774
1774
1771
1774
1774
1771
1774
1771
1771
1771
1771
1769
1769
1769
1771
1771
1769
1769
1769
1769
1771
1769
1771
1769
1769
1769
1769
1769
1766
1766
1766
1766
1766
1766
1766
1766
1766
1764
1764
1764
1764
1764
1764
1764
1764
1761
1761
1761
1761
1761
1761
1761
1761
1761
1759
1761
1761
1761
1759
1759
1759
1759
1759
1759
1759
1759
1757
1757
1759
1757
1759
1759
1757
1757
1759
1757
1757
1757
1754
1757
1754
1754
1754
1754
1754
1754
1754
1754
1752
1752
1752
1752
1752
1752
1752
1752
1752
1752
1752
1749
1749
1749
1749
1749
1749
1749
1749
1747
1749
1747
1747
1747
1747
1747
1747
1747
1744
1744
1744
1744
1747
1744
1744
1744
1744
1744
1744
1742
1744
1742
1742
1742
1742
1742
1742
1742
1742
1742
1739
1739
1739
1739
1739
1739
1737
1737
1737
1735
1737
1737
1737
1735
1735
1735
1735
1735
1735
1732
1732
1732
1732
1732
1735
1735
1732
1732
1735
1732
1735
1732
1732
1732
1732
1730
1730
1730
1730
1730
1727
1730
1730
1727
1727
1727
1727
1727
1727
1727
1725
1727
1725
1725
1725
1725
1725
1722
1722
1722
1722
1722
1722
1722
1722
1720
1720
1720
1720
1720
1717
1720
1720
1720
1717
1717
1717
1717
1717
1717
1717
1717
1715
1715
1715
1713
1715
1715
1713
1713
1713
1713
1713
1710
1710
1710
1710
1710
1710
1710
1710
1708
1708
1708
1710
1708
1708
1708
1708
1708
1708
1708
1708
1705
1708
1705
1705
1705
1705
1705
1703
1703
1703
1703
1703
1700
1700
1700
1700
1700
1700
1700
1700
1700
1700
1698
1698
1698
1698
1698
1698
1698
1695
1695
1695
1695
1695
1695
1693
1695
1693
1693
1693
1691
1693
1693
1691
1693
1691
1691
1691
1688
1691
1688
1688
1688
1688
1688
1688
1686
1688
1688
1686
1686
1686
1686
1683
1686
1683
1683
1683
1683
1683
1681
1683
1681
1681
1681
1681
1681
1681
1678
1678
1678
1678
1678
1678
1678
1678
1678
1676
1676
1678
1676
1676
1676
1673
1673
1676
1673
1673
1673
1673
1673
1673
1673
1671
1671
1673
1671
1671
1671
1671
1671
1671
1671
1671
1669
1671
1671
1669
1669
1669
1669
1669
1669
1669
1669
1669
1669
1669
1666
1669
1666
1666
1666
1666
1664
1664
1664
1664
1664
1661
1664
1661
1661
1661
1661
1661
1659
1659
1659
1659
1659
1659
1659
1656
1656
1656
1656
1656
1654
1654
1654
1654
1654
1654
1652
1652
1654
1652
1652
1652
1652
1652
1649
1652
1649
1649
1649
1649
1649
1647
1647
1647
1647
1647
1647
1647
1647
1647
1647
1644
1644
1644
1644
1644
1644
1642
1642
1642
1642
1642
1639
1639
1639
1639
1639
1637
1639
1639
1637
1637
1637
1637
1637
1634
1637
1634
1634
1634
1632
1634
1632
1632
1632
1632
1632
1632
1630
1632
1630
1630
1630
1630
1630
1627
1625
1627
1625
1625
1625
1625
1625
1625
1625
1625
1622
1622
1622
1622
1622
1620
1620
1620
1620
1620
1617
1617
1617
1617
1617
1615
1615
1615
1615
1615
1615
1612
1612
1612
1612
1612
1612
1612
1610
1610
1608
1608
1608
1608
1608
1608
1605
1605
1605
1605
1605
1605
1605
1605
1603
1603
1603
1603
1603
1603
1603
1603
1598
1598
1600
1600
1598
1598
1598
1598
1598
1598
1598
1595
1595
1593
1593
1595
1593
1593
1593
1593
1593
1593
1593
1590
1590
1590
1590
1590
1590
1590
1590
1590
1590
1590
1590
1588
1588
1588
1588
1588
1586
1586
1588
1586
1586
1583
1583
1583
1583
1583
1583
1581
1583
1583
1581
1583
1583
1581
1581
1581
1581
1581
1581
1581
1578
1578
1576
1576
1576
1576
1576
1573
1573
1573
1573
1573
1573
1573
1573
1571
1571
1573
1571
1571
1571
1568
1568
1571
1568
1568
1568
1568
1566
1566
1566
1566
1566
1564
1564
1564
1564
1564
1561
1564
1564
1564
1561
1561
1561
1561
1561
1561
1561
1561
1559
1559
1559
1559
1556
1559
1559
1559
1556
1556
1556
1556
1556
1554
1554
1554
1554
1554
1554
1554
1551
1554
1551
1551
1551
1551
1551
1551
1549
1551
1551
1549
1549
1549
1549
1549
1549
1546
1549
1546
1546
1546
1546
1546
1544
1546
1544
1544
1544
1544
1542
1542
1542
1542
1539
1537
1539
1534
1534
1532
1529
1529
1529
1529
1529
1529
1529
1527
1527
1527
1527
1527
1527
1527
1527
1524
1524
1527
1527
1524
1527
1524
1522
1524
1522
1524
1522
1524
1524
1522
1524
1522
1522
1522
1522
1520
1520
1520
1520
1520
1520
1520
1520
1520
1517
1517
1517
1520
1517
1517
1517
1517
1517
1515
1515
1515
1515
1515
1515
1512
1512
1512
1512
1512
1512
1512
1510
1512
1510
1510
1510
1510
1510
1510
1510
1510
1510
1510
1510
1507
1507
1507
1507
1507
1507
1507
1507
1507
1505
1502
1505
1505
1502
1505
1502
1502
1502
1502
1502
1502
1500
1500
1500
1500
1500
1500
1500
1500
1498
1498
1498
1495
1498
1498
1498
1495
1495
1495
1495
1495
1495
1495
1495
1495
1495
1495
1493
1493
1490
1490
1493
1493
1490
1490
1490
1490
1490
1490
1490
1488
1490
1490
1488
1488
1488
1488
1490
1490
1488
1488
1488
1485
1488
1485
1485
1485
1485
1485
1485
1485
1483
1483
1483
1483
1483
1483
1483
1480
1480
1480
1480
1480
1480
1480
1478
1480
1480
1478
1478
1478
1478
1478
1478
1478
1478
1476
1476
1476
1476
1476
1476
1476
1476
1476
1476
1473
1473
1473
1473
1473
1473
1473
1473
1471
1471
1471
1471
1471
1468
1471
1471
1471
1468
1471
1468
1468
1468
1468
1468
1468
1468
1466
1466
1466
1466
1466
1466
1466
1463
1466
1463
1466
1466
1466
1463
1461
1463
1463
1463
1463
1461
1461
1461
1461
1461
1461
1461
1461
1458
1458
1458
1458
1458
1458
1458
1458
1458
1458
1458
1456
1456
1456
1456
1456
1456
1456
1456
1456
1454
1454
1456
1454
1454
1454
1454
1454
1454
1454
1451
1451
1451
1451
1451
1451
1451
1451
1451
1451
1451
1449
1449
1449
1449
1449
1449
1449
1449
1446
1446
1449
1446
1446
1446
1446
1446
1446
1446
1449
1446
1446
1446
1444
1444
1444
1446
1444
1444
1444
1444
1444
1441
1441
1441
1439
1439
1439
1439
1439
1439
1439
1439
1439
1436
1436
1436
1436
1436
1436
1434
1436
1434
1434
1434
1432
1434
1434
1434
1434
1434
1434
1432
1432
1434
1432
1432
1432
1432
1432
1432
1432
1432
1432
1432
1429
1429
1429
1429
1429
1429
1429
1429
1429
1427
1429
1429
1427
1427
1427
1427
1427
1427
1427
1424
1427
1424
1424
1427
1424
1424
1424
1424
1424
1424
1424
1424
1424
1424
1424
1422
1422
1422
1422
1422
1422
1422
1422
1422
1419
1419
1419
1419
1419
1419
1419
1419
1419
1419
1419
1417
1417
1417
1417
1417
1417
1417
1417
1417
1417
1417
1417
1414
1414
1417
1414
1414
1414
1414
1414
1414
1412
1414
1412
1412
1412
1412
1412
1410
1410
1412
1410
1412
1410
1410
1410
1410
1410
1410
1410
1410
1410
1410
1407
1407
1407
1407
1407
1407
1407
1407
1407
1407
1407
1405
1407
1405
1405
1405
1405
1405
1405
1405
1405
1405
1405
1405
1402
1402
1402
1402
1402
1402
1402
1402
1402
1400
1400
1400
1400
1400
1400
1400
1400
1400
1400
1400
1400
1400
1400
1400
1400
1400
1400
1397
1397
1397
1397
1397
1397
1395
1395
1395
1395
1395
1395
1395
1395
1395
1395
1395
1395
1395
1395
1395
1395
1395
1395
1392
1392
1395
1392
1392
1392
1392
1392
1392
1392
1392
1392
1392
1392
1392
1392
1392
1390
1390
1390
1390
1390
1390
1390
1388
1390
1388
1388
1388
1388
1385
1388
1388
1385
1385
1385
1385
1385
1385
1385
1383
1383
1383
1383
1383
1383
1383
1385
1385
1383
1383
1380
1380
1380
1380
1380
1380
1380
1378
1380
1380
1378
1378
1380
1383
1383
1383
1383
1383
1380
1380
1378
1378
1378
1378
1378
1375
1378
1375
1375
1375
1375
1375
1375
1373
1373
1373
1370
1373
1370
1373
1370
1370
1370
1370
1370
1370
1368
1370
1370
1368
1368
1368
1368
1368
1368
1368
1366
1368
1366
1366
1366
1366
1366
1363
1366
1366
1363
1363
1363
1363
1363
1363
1363
1363
1361
1361
1361
1361
1361
1361
1361
1361
1361
1361
1358
1361
1361
1358
1358
1358
1358
1358
1358
1358
1358
1358
1356
1358
1356
1358
1356
1356
1356
1353
1353
1356
1353
1353
1353
1356
1353
1353
1353
1353
1353
1351
1353
1353
1351
1351
1351
1353
1351
1351
1351
1351
1351
1351
1348
1348
1348
1348
1346
1346
1346
1346
1346
1346
1346
1344
1346
1344
1344
1344
1344
1344
1344
1344
1344
1344
1344
1344
1344
1344
1344
1341
1344
1341
1341
1341
1341
1341
1341
1341
1341
1341
1341
1341
1339
1339
1339
1339
1339
1339
1339
1339
1339
1339
1339
1339
1339
1336
1336
1336
1336
1336
1336
1334
1334
1334
1334
1334
1334
1336
1334
1334
1334
1334
1334
1331
1334
1331
1331
1331
1331
1331
1331
1331
1331
1331
1331
1331
1331
1331
1329
1331
1329
1329
1329
1329
1329
1329
1329
1329
1326
1326
1326
1326
1326
1326
1326
1326
1326
1326
1326
1324
1326
1326
1326
1326
1324
1326
1324
1324
1324
1324
1324
1324
1324
1324
1324
1324
1322
1324
1322
1322
1324
1322
1322
1322
1322
1319
1322
1319
1319
1319
1319
1319
1317
1319
1319
1319
1319
1317
1319
1317
1317
1317
1317
1317
1317
1317
1314
1317
1314
1314
1314
1314
1314
1314
1314
1314
1314
1314
1314
1312
1312
1312
1312
1312
1312
1312
1312
1312
1312
1312
1312
1309
1309
1309
1309
1309
1309
1309
1309
1307
1309
1309
1309
1309
1309
1307
1307
1307
1307
1307
1307
1304
1307
1304
1304
1304
1304
1304
1304
1304
1304
1304
1304
1304
1302
1302
1302
1304
1302
1304
1302
1302
1302
1302
1300
1302
1302
1302
1302
1300
1300
1300
1300
1300
1300
1300
1300
1300
1297
1297
1297
1297
1297
1297
1297
1297
1297
1297
1295
1297
1295
1297
1295
1295
1295
1295
1295
1295
1295
1295
1295
1292
1295
1292
1292
1292
1292
1292
1292
1290
1290
1290
1290
1290
1290
1290
1290
1287
1290
1287
1287
1290
1287
1287
1287
1287
1287
1285
1287
1285
1287
1285
1282
1285
1285
1285
1285
1285
1285
1282
1282
1282
1282
1280
1282
1282
1282
1282
1282
1280
1280
1280
1280
1280
1280
1280
1280
1280
1278
1278
1278
1278
1278
1278
1278
1278
1278
1278
1278
1278
1278
1275
1278
1275
1275
1275
1275
1275
1275
1275
1275
1273
1273
1273
1273
1273
1273
1270
1273
1270
1273
1270
1270
1270
1270
1270
1270
1270
1268
1268
1268
1270
1268
1268
1268
1268
1268
1268
1268
1265
1268
1268
1265
1265
1265
1265
1265
1263
1263
1263
1263
1263
1263
1263
1263
1263
1260
1260
1260
1260
1260
1260
1260
1260
1260
1260
1260
1258
1258
1258
1258
1258
1258
1258
1258
1258
1256
1258
1256
1258
1256
1256
1256
1256
1256
1256
1256
1256
1253
1253
1253
1253
1256
1253
1253
1253
1253
1251
1251
1253
1251
1251
1251
1251
1251
1251
1248
1248
1248
1248
1248
1248
1248
1248
1246
1246
1246
1246
1246
1246
1246
1246
1246
1246
1246
1243
1243
1243
1243
1243
1243
1243
1243
1241
1241
1241
1241
1241
1241
1239
1241
1239
1239
1239
1239
1239
1239
1239
1239
1239
1236
1236
1239
1236
1236
1236
1236
1234
1234
1234
1234
1234
1234
1234
1234
1234
1231
1231
1234
1231
1231
1231
1231
1231
1231
1229
1229
1229
1231
1229
1229
1229
1229
1229
1229
1229
1226
1226
1226
1226
1226
1226
1224
1226
1224
1224
1224
1224
1224
1224
1224
1221
1221
1221
1221
1221
1221
1221
1221
1219
1219
1219
1219
1219
1219
1219
1219
1217
1217
1217
1217
1217
1217
1217
1214
1214
1217
1214
1214
1214
1214
1214
1214
1212
1212
1212
1212
1212
1212
1212
1212
1212
1209
1212
1209
1209
1209
1209
1209
1209
1207
1207
1207
1207
1207
1204
1207
1204
1204
1204
1204
1204
1204
1204
1202
1202
1202
1202
1202
1202
1202
1202
1199
1202
1199
1199
1199
1199
1199
1199
1197
1197
1197
1197
1195
1195
1195
1195
1195
1195
1195
1195
1195
1195
1195
1195
1192
1192
1192
1192
1192
1192
1190
1190
1190
1190
1190
1190
1187
1187
1187
1187
1187
1187
1187
1187
1187
1185
1185
1185
1185
1185
1185
1185
1185
1182
1182
1182
1180
1182
1182
1180
1180
1180
1180
1180
1180
1180
1177
1180
1177
1177
1180
1177
1177
1177
1177
1177
1175
1175
1175
1175
1175
1173
1175
1175
1173
1173
1173
1173
1173
1173
1173
1173
1170
1170
1170
1170
1170
1170
1170
1170
1170
1168
1168
1168
1168
1168
1168
1168
1165
1168
1165
1165
1165
1165
1165
1165
1163
1165
1163
1163
1163
1163
1163
1160
1160
1160
1160
1160
1160
1158
1160
1158
1158
1158
1158
1158
1158
1158
1158
1155
1155
1155
1155
1155
1155
1153
1153
1153
1153
1153
1153
1153
1153
1151
1151
1153
1151
1151
1151
1151
1151
1148
1148
1148
1148
1148
1148
1146
1146
1146
1146
1146
1146
1146
1146
1146
1143
1143
1143
1143
1143
1143
1141
1141
1141
1141
1141
1141
1141
1138
1138
1138
1138
1138
1138
1138
1138
1138
1138
1136
1136
1136
1136
1136
1136
1136
1133
1133
1133
1133
1133
1133
1133
1131
1131
1131
1131
1131
1131
1131
1131
1129
1129
1131
1131
1129
1129
1129
1126
1129
1126
1126
1126
1126
1126
1126
1126
1124
1124
1124
1126
1124
1124
1124
1121
1124
1121
1121
1121
1121
1119
1119
1121
1119
1119
1119
1119
1119
1119
1116
1119
1119
1116
1116
1116
1116
1116
1114
1116
1116
1114
1114
1114
1114
1111
1111
1114
1114
1111
1111
1111
1111
1111
1109
1109
1109
1109
1109
1109
1109
1109
1107
1107
1107
1107
1107
1107
1107
1107
1104
1104
1104
1104
1104
1104
1104
1104
1104
1102
1102
1102
1102
1102
1102
1102
1102
1099
1102
1099
1099
1099
1099
1099
1097
1099
1099
1097
1097
1097
1097
1097
1097
1094
1094
1094
1094
1094
1094
1094
1094
1092
1094
1092
1092
1092
1092
1092
1089
1089
1089
1089
1089
1089
1089
1087
1089
1089
1087
1087
1087
1087
1087
1087
1085
1085
1085
1085
1085
1085
1085
1085
1082
1085
1082
1082
1082
1082
1082
1082
1080
1080
1080
1080
1080
1080
1077
1080
1080
1077
1077
1077
1077
1077
1077
1077
1077
1075
1075
1075
1075
1075
1075
1075
1075
1075
1075
1075
1075
1072
1072
1072
1072
1072
1072
1072
1070
1070
1070
1070
1070
1070
1070
1067
1067
1067
1067
1067
1067
1067
1067
1065
1065
1065
1065
1065
1065
1065
1065
1065
1063
1063
1063
1063
1063
1063
1063
1063
1060
1060
1060
1060
1060
1060
1060
1060
1058
1060
1058
1060
1058
1058
1058
1058
1058
1055
1058
1058
1055
1055
1055
1055
1055
1053
1053
1053
1053
1055
1053
1053
1053
1053
1053
1053
1053
1053
1050
1050
1050
1050
1050
1050
1050
1050
1048
1048
1048
1048
1048
1048
1048
1045
1048
1045
1045
1045
1045
1043
1045
1045
1045
1045
1045
1043
1043
1043
1043
1043
1043
1043
1043
1043
1041
1041
1041
1038
1041
1041
1041
1041
1038
1041
1038
1038
1038
1038
1038
1038
1038
1036
1036
1036
1036
1036
1036
1036
1036
1033
1033
1033
1033
1033
1033
1033
1033
1033
1033
1033
1031
1031
1031
1031
1031
1031
1031
1031
1031
1028
1028
1028
1028
1028
1028
1028
1028
1026
1028
1028
1026
1026
1026
1023
1026
1026
1026
1023
1026
1023
1023
1026
1023
1023
1023
1023
1021
1021
1021
1021
1021
1021
1021
1021
1021
1019
1019
1019
1019
1019
1019
1019
1019
1016
1016
1019
1016
1016
1016
1016
1016
1016
1016
1016
1014
1016
1014
1014
1014
1014
1014
1014
1014
1014
1014
1014
1014
1011
1011
1011
1014
1011
1011
1009
1009
1009
1011
1009
1009
1009
1009
1009
1009
1009
1009
1006
1006
1009
1009
1006
1006
1006
1006
1006
1006
1004
1004
1006
1004
1004
1004
1004
1004
1004
1001
1004
1004
1001
1001
1001
1001
1001
1001
1001
1001
999
999
1001
999
999
999
999
999
999
999
999
999
997
997
997
997
997
997
997
997
997
997
994
994
994
994
994
994
994
994
994
994
992
992
992
992
992
992
992
992
992
992
992
992
992
989
989
989
989
989
989
989
989
989
987
987
987
987
984
984
987
984
984
984
984
984
984
984
982
982
984
982
982
982
982
982
982
979
979
982
979
979
979
979
979
979
979
979
979
979
979
979
977
977
977
977
977
977
977
977
977
977
977
975
975
975
975
975
975
975
975
975
975
972
975
972
972
975
975
972
972
972
972
972
972
972
972
972
970
970
970
972
970
970
970
970
970
970
970
970
970
970
967
967
967
967
967
967
967
967
967
967
967
967
965
967
967
965
965
965
965
965
965
965
965
965
962
962
962
962
962
962
962
962
962
962
962
962
962
962
962
960
962
962
960
960
960
960
960
960
960
960
960
960
960
960
957
957
957
957
957
957
957
957
957
955
957
955
957
957
957
955
955
955
955
955
955
955
955
955
955
955
953
953
953
953
953
953
953
953
953
953
953
953
953
953
953
953
950
950
950
950
950
950
950
950
948
950
950
950
950
950
950
948
948
948
948
948
948
948
948
948
948
948
948
948
945
945
945
945
948
945
945
945
945
945
945
945
945
943
945
943
943
943
943
943
943
943
943
943
943
943
943
943
943
940
943
940
940
940
943
940
940
940
940
940
940
940
940
940
940
940
940
938
940
938
938
938
938
938
938
938
938
938
938
938
938
935
938
938
935
938
938
935
935
935
935
935
935
935
933
935
935
935
935
935
935
933
933
933
933
933
933
933
933
933
933
933
933
933
931
933
931
931
931
931
931
931
931
931
931
931
931
931
931
931
931
931
928
931
928
928
928
928
928
928
928
928
928
928
928
928
928
926
926
926
926
928
926
926
926
926
926
926
926
926
926
923
926
923
926
926
923
926
923
923
923
926
923
923
923
923
923
923
923
923
923
923
923
921
921
921
921
921
918
921
921
921
921
921
918
921
921
921
921
921
921
918
921
918
918
918
918
918
918
918
918
918
918
918
918
918
918
916
918
916
916
916
916
916
916
916
916
916
916
916
916
916
913
916
913
916
913
913
913
913
913
913
913
913
913
913
913
913
913
913
913
913
911
911
911
911
911
911
911
911
911
911
911
911
911
911
909
911
911
911
909
909
909
911
909
909
909
909
909
909
909
909
906
909
906
906
909
906
906
906
906
906
906
906
906
906
906
906
906
906
906
904
904
904
904
904
904
904
904
904
904
904
904
904
901
904
904
904
904
904
904
904
904
904
901
901
901
901
901
901
901
901
901
901
901
901
901
901
901
901
901
901
901
899
899
899
899
899
899
899
899
899
899
899
899
899
899
899
899
899
899
899
899
899
899
899
899
896
896
896
896
896
896
896
896
896
896
896
896
896
896
896
896
896
896
896
896
894
896
894
896
894
894
894
894
894
894
894
894
894
894
894
894
894
894
894
894
891
891
894
894
894
891
894
891
891
891
891
891
891
891
891
891
891
891
891
891
891
891
891
889
891
889
889
889
889
889
887
889
889
889
889
889
889
889
889
889
889
887
887
889
889
887
889
889
889
887
887
887
887
887
889
887
887
887
887
887
887
887
887
887
887
887
887
887
887
884
887
884
884
884
884
884
884
887
884
884
884
884
884
884
884
884
882
884
882
884
882
882
882
882
882
882
884
882
882
882
879
882
882
882
882
882
882
879
882
879
879
882
879
879
879
879
879
879
879
879
879
879
877
879
879
877
877
877
877
877
877
877
877
877
877
877
877
877
877
877
874
874
874
877
874
874
874
874
874
874
874
874
874
874
874
874
874
872
874
874
874
874
874
872
874
874
874
872
872
872
872
872
872
872
872
872
872
872
872
872
872
872
872
872
872
869
872
869
869
869
869
869
869
872
869
869
869
869
869
869
869
869
867
869
869
869
867
869
869
869
867
869
867
867
867
867
869
867
867
867
867
867
867
867
865
865
865
865
865
865
865
865
865
862
865
865
865
865
865
865
865
862
862
862
862
862
860
862
862
862
862
862
860
860
860
860
860
860
860
860
857
860
860
860
860
860
857
857
857
857
857
857
855
857
857
857
857
857
855
857
857
855
857
855
855
855
855
855
855
855
855
855
855
855
855
852
855
852
855
852
852
852
852
852
852
852
852
852
852
852
852
852
850
852
852
850
852
850
852
850
850
850
850
850
850
850
850
850
850
850
850
850
850
850
847
850
850
847
850
850
850
850
847
847
847
847
847
847
847
847
847
847
847
847
847
847
845
847
847
847
847
847
847
847
847
845
845
845
847
845
845
845
845
845
845
843
845
845
845
845
845
845
845
845
845
843
845
843
843
843
843
845
843
843
843
843
840
843
840
840
840
840
840
840
840
840
840
838
838
838
838
838
838
838
835
838
838
835
838
835
835
835
835
838
838
838
838
838
838
838
838
838
835
835
835
838
838
835
838
835
835
835
835
835
835
835
835
835
835
835
835
835
835
835
835
835
835
835
833
833
833
835
833
835
833
833
833
833
833
833
833
833
833
833
830
833
833
830
830
830
830
830
833
830
830
830
830
830
830
830
830
830
830
830
830
830
828
828
828
828
828
828
828
828
828
828
828
828
828
828
828
828
828
826
826
826
826
826
828
826
826
826
826
826
826
826
826
823
826
823
826
823
823
826
823
823
823
823
823
823
823
823
823
823
823
823
823
823
821
821
821
823
821
823
821
821
823
821
821
821
821
821
821
821
821
821
821
821
821
821
818
821
821
821
821
821
821
821
818
818
818
818
818
818
818
818
818
818
818
818
818
818
818
816
816
818
816
816
816
816
816
816
816
816
816
816
816
816
816
813
813
813
813
813
813
813
813
813
813
813
813
813
813
813
811
811
811
811
811
811
811
811
811
811
811
811
811
811
811
811
811
811
811
811
811
811
811
811
808
808
811
811
811
808
811
811
808
808
811
808
808
811
808
808
808
808
808
808
808
808
808
808
808
808
808
808
808
808
808
808
808
806
806
808
806
806
806
806
806
806
806
806
806
806
806
806
806
806
806
806
806
806
806
806
806
806
806
804
806
806
806
806
806
806
804
804
804
804
804
804
804
804
804
804
804
804
804
804
804
804
804
804
804
804
804
804
804
804
804
804
804
804
804
804
804
804
804
804
804
804
804
804
804
801
804
804
804
804
801
804
804
801
801
801
801
804
804
801
801
801
801
801
801
801
801
801
801
801
801
801
801
801
801
801
801
801
801
801
801
801
801
801
801
801
801
801
801
801
801
801
801
801
801
801
801
801
801
801
801
801
801
801
801
801
801
801
801
801
801
799
801
801
801
801
801
801
801
801
801
801
801
801
801
801
801
801
801
801
801
801
801
801
801
799
801
801
801
801
801
801
801
801
799
801
801
799
801
799
801
799
801
799
801
801
799
801
801
801
801
801
799
801
799
799
801
799
801
799
799
799
799
799
801
801
799
799
799
799
799
799
799
799
799
799
799
799
799
799
799
799
799
799
799
799
799
799
799
799
799
799
799
799
799
799
799
799
799
799
799
799
801
799
799
799
801
799
799
799
799
799
799
801
799
799
799
799
799
801
801
801
799
799
799
801
801
801
799
801
799
801
801
801
799
801
799
799
801
799
801
799
801
799
799
799
799
801
799
799
799
799
799
799
799
799
801
801
801
801
799
799
801
801
799
801
799
799
799
801
799
801
801
799
799
801
799
801
799
799
799
799
801
799
799
801
799
799
799
799
799
801
801
801
799
801
799
799
801
799
799
801
799
799
799
801
801
801
801
799
799
799
799
799
801
799
801
799
801
799
799
801
801
799
799
799
801
799
801
801
801
801
799
801
799
799
799
801
801
801
799
799
801
799
799
799
801
801
801
801
801
801
801
801
801
801
801
801
801
799
801
801
799
799
801
801
801
799
796
794
794
796
794
796
799
799
799
799
799
799
799
799
799
796
796
796
796
799
796
796
796
796
801
799
796
796
796
796
799
796
796
796
796
796
796
794
794
794
794
794
796
796
794
794
